###stat
1001 (boltd) S 1 1001 1001 0 -1 4194560 2366 20 14 0 15 13 0 0 20 0 4 0 625 564166656 1520 18446744073709551615 1 1 0 0 0 0 0 4096 16384 0 0 0 17 10 0 0 0 0 0 0 0 0 0 0 0 0 0
42 (my (odd) name) Z 1 42 42 0 -1 4194304 0 0 0 0 0 0 0 0 20 0 1 0 700 0 0 18446744073709551615 0 0 0 0 0 0 0 0 0 0 0 0 17 0 0 0 0 0 0 0 0 0 0 0 0 0 0
121416 (cat) R 121329 121416 121329 0 -1 4194304 89 0 0 0 0 0 0 0 20 0 1 0 1602199 236335104 473 18446744073709551615 94033267445760 94033267467041 140724882405392 0 0 0 0 0 0 0 0 0 17 9 0 0 0 0 0 94033267485168 94033267486824 94034115530752 140724882407389 140724882407409 140724882407409 140724882411499 0
###cmd
1001	/usr/libexec/boltd 
42	
121416	cat /proc/self/stat 
###io
1001	rchar: 4036 wchar: 0 syscr: 9 syscw: 0 read_bytes: 12288 write_bytes: 0 cancelled_write_bytes: 0 
121416	rchar: 4036 wchar: 0 syscr: 9 syscw: 0 read_bytes: 0 write_bytes: 0 cancelled_write_bytes: 0 
###users
   1001 root
     42 nobody
 121416 sander
###hz
100
###pagesize
4096
###uptime
1602199.55 4567890.12
###memtotal
MemTotal:       16020068 kB
