###df
Filesystem         1-blocks        Used    Available Capacity Mounted on
/dev/nvme0n1p3 509332160512 82879713280 423037825024      17% /
/dev/nvme0n1p3 509332160512 82879713280 423037825024      17% /home
/dev/nvme0n1p2   2040373248   475353088   1440870400      25% /boot
###inodes
Filesystem     Inodes IUsed  IFree IUse% Mounted on
/dev/nvme0n1p3      0     0      0     - /
/dev/nvme0n1p3      0     0      0     - /home
/dev/nvme0n1p2 131072   397 130675     1% /boot
###diskstats
   7       0 loop0 45 0 2124 12 0 0 0 0 0 20 12 0 0 0 0 0 0
 259       0 nvme0n1 1092973 315279 158104848 556045 796443 86956 52841994 1800565 0 148373 2364013 3530 0 20165608 1936 19324 5466
 259       1 nvme0n1p1 222 1185 11862 28 2 0 2 0 0 16 28 0 0 0 0 0 0
 259       2 nvme0n1p2 285 8 7866 28 25 19 312 54 0 35 83 0 0 0 0 0 0
 259       3 nvme0n1p3 1092371 314086 158082384 555979 796413 86937 52841680 1800510 0 209274 2358427 3530 0 20165608 1936 0 0
 252       0 zram0 1000 0 8000 10 2000 0 16000 20 0 30 30 0 0 0 0 0 0
###pressure
some avg10=0.17 avg60=0.15 avg300=0.07 total=39726063
full avg10=0.04 avg60=0.05 avg300=0.00 total=14430211
